6.989133682307833162e+00 0.000000000000000000e+00
5.013999560488486829e+00 0.000000000000000000e+00
4.306009685825332944e+00 0.000000000000000000e+00
3.869263414459030770e+00 0.000000000000000000e+00
3.586197416872237476e+00 0.000000000000000000e+00
3.401500715993662105e+00 0.000000000000000000e+00
3.284378127045739504e+00 0.000000000000000000e+00
3.128742040421444326e+00 0.000000000000000000e+00
3.001446875843001738e+00 0.000000000000000000e+00
2.870616776100267664e+00 0.000000000000000000e+00
2.755147255309309706e+00 0.000000000000000000e+00
2.645534030222446376e+00 0.000000000000000000e+00
2.524757002009205387e+00 0.000000000000000000e+00
2.392907728143407020e+00 0.000000000000000000e+00
2.259166443995063833e+00 0.000000000000000000e+00
2.135705062515464547e+00 0.000000000000000000e+00
2.033129272547460342e+00 0.000000000000000000e+00
1.957712425483492336e+00 0.000000000000000000e+00
1.908105643903945658e+00 0.000000000000000000e+00
1.878309861003172099e+00 0.000000000000000000e+00
1.861731813064313013e+00 0.000000000000000000e+00
1.852877281212805372e+00 0.000000000000000000e+00
1.847959011839635624e+00 0.000000000000000000e+00
1.844862479105897179e+00 0.000000000000000000e+00
1.842672126617511230e+00 0.000000000000000000e+00
1.841073044096197986e+00 0.000000000000000000e+00
1.839939615514908366e+00 0.000000000000000000e+00
1.839174710113755884e+00 0.000000000000000000e+00
1.838679340674107987e+00 0.000000000000000000e+00
1.838361676485483986e+00 0.000000000000000000e+00
1.838149991882085610e+00 0.000000000000000000e+00
1.837997769218500776e+00 0.000000000000000000e+00
1.837879331316742748e+00 0.000000000000000000e+00
1.837781670031155334e+00 0.000000000000000000e+00
1.837698019321003740e+00 0.000000000000000000e+00
1.837624455019953640e+00 0.000000000000000000e+00
1.837558479149175694e+00 0.000000000000000000e+00
1.837498432040738816e+00 0.000000000000000000e+00
1.837443179341439636e+00 0.000000000000000000e+00
1.837391915082338123e+00 0.000000000000000000e+00
1.837344037543215514e+00 0.000000000000000000e+00
1.837299074759265016e+00 0.000000000000000000e+00
1.837256640883101255e+00 0.000000000000000000e+00
1.837216411165305985e+00 0.000000000000000000e+00
1.837178107611871392e+00 0.000000000000000000e+00
1.837141490035925084e+00 0.000000000000000000e+00
1.837106349736643329e+00 0.000000000000000000e+00
1.837072504673322282e+00 0.000000000000000000e+00
1.837039795653600205e+00 0.000000000000000000e+00
1.837008083216831622e+00 0.000000000000000000e+00
1.836977245001157444e+00 0.000000000000000000e+00
1.836947173483099327e+00 0.000000000000000000e+00
1.836917774031157080e+00 0.000000000000000000e+00
1.836888963231851912e+00 0.000000000000000000e+00
1.836860667449987217e+00 0.000000000000000000e+00
1.836832821588433085e+00 0.000000000000000000e+00
1.836805368017592421e+00 0.000000000000000000e+00
1.836778255649627045e+00 0.000000000000000000e+00
1.836751439136552699e+00 0.000000000000000000e+00
1.836724878174621267e+00 0.000000000000000000e+00
1.836698536900044809e+00 0.000000000000000000e+00
1.836672383363261885e+00 0.000000000000000000e+00
1.836646389070953234e+00 0.000000000000000000e+00
1.836620528586309753e+00 0.000000000000000000e+00
1.836594779179751447e+00 0.000000000000000000e+00
1.836569120523099397e+00 0.000000000000000000e+00
1.836543534421466450e+00 0.000000000000000000e+00
1.836518004577789132e+00 0.000000000000000000e+00
1.836492516385721308e+00 0.000000000000000000e+00
1.836467056747176141e+00 0.000000000000000000e+00
1.836441613911329318e+00 0.000000000000000000e+00
1.836416177332374833e+00 0.000000000000000000e+00
1.836390737543612373e+00 0.000000000000000000e+00
1.836365286045883005e+00 0.000000000000000000e+00
1.836339815208532622e+00 0.000000000000000000e+00
1.836314318181430094e+00 0.000000000000000000e+00
1.836288788816626383e+00 0.000000000000000000e+00
1.836263221598615214e+00 0.000000000000000000e+00
1.836237611582073548e+00 0.000000000000000000e+00
1.836211954336289143e+00 0.000000000000000000e+00
1.836186245895461866e+00 0.000000000000000000e+00
1.836160482714245479e+00 0.000000000000000000e+00
1.836134661627905063e+00 0.000000000000000000e+00
1.836108779816607361e+00 0.000000000000000000e+00
1.836082834773358874e+00 0.000000000000000000e+00
1.836056824275238419e+00 0.000000000000000000e+00
1.836030746357516730e+00 0.000000000000000000e+00
1.836004599290402162e+00 0.000000000000000000e+00
1.835978381558086125e+00 0.000000000000000000e+00
1.835952091839916145e+00 0.000000000000000000e+00
1.835925728993385908e+00 0.000000000000000000e+00
1.835899292038831065e+00 0.000000000000000000e+00
1.835872780145628935e+00 0.000000000000000000e+00
1.835846192619726258e+00 0.000000000000000000e+00
1.835819528892413732e+00 0.000000000000000000e+00
1.835792788510146600e+00 0.000000000000000000e+00
1.835765971125396190e+00 0.000000000000000000e+00
1.835739076488362320e+00 0.000000000000000000e+00
1.835712104439469528e+00 0.000000000000000000e+00
1.835685054902626012e+00 0.000000000000000000e+00
