8.792056243772892188e+00 0.000000000000000000e+00
6.813137001030101558e+00 0.000000000000000000e+00
5.374645232239284809e+00 0.000000000000000000e+00
4.635331260292288924e+00 0.000000000000000000e+00
4.063838984518917563e+00 0.000000000000000000e+00
3.946829689837420219e+00 0.000000000000000000e+00
3.888216771936510163e+00 0.000000000000000000e+00
3.854271363229570202e+00 0.000000000000000000e+00
3.782320154373287391e+00 0.000000000000000000e+00
3.677497386236767252e+00 0.000000000000000000e+00
3.482431531207679676e+00 0.000000000000000000e+00
3.170160008894511883e+00 0.000000000000000000e+00
2.767527922035151633e+00 0.000000000000000000e+00
2.410737238102970359e+00 0.000000000000000000e+00
2.190713142725984497e+00 0.000000000000000000e+00
2.083710792438253634e+00 0.000000000000000000e+00
2.038443062055822264e+00 0.000000000000000000e+00
2.013674399998249598e+00 0.000000000000000000e+00
1.998970241512596724e+00 0.000000000000000000e+00
1.990135830365677094e+00 0.000000000000000000e+00
1.984218568867478050e+00 0.000000000000000000e+00
1.980300767609505463e+00 0.000000000000000000e+00
1.977194678822963958e+00 0.000000000000000000e+00
1.974281275713789752e+00 0.000000000000000000e+00
1.971480331010726506e+00 0.000000000000000000e+00
1.968726802986961566e+00 0.000000000000000000e+00
1.966005643640948097e+00 0.000000000000000000e+00
1.963317531347963607e+00 0.000000000000000000e+00
1.960674915842566701e+00 0.000000000000000000e+00
1.958091912508531429e+00 0.000000000000000000e+00
1.955588737293071366e+00 0.000000000000000000e+00
1.953189018006618483e+00 0.000000000000000000e+00
1.950913857824132291e+00 0.000000000000000000e+00
1.948781238536683835e+00 0.000000000000000000e+00
1.946805355638804746e+00 0.000000000000000000e+00
1.944995688490443131e+00 0.000000000000000000e+00
1.943356850420012494e+00 0.000000000000000000e+00
1.941888649374789777e+00 0.000000000000000000e+00
1.940586532407274412e+00 0.000000000000000000e+00
1.939442313023944875e+00 0.000000000000000000e+00
1.938445054248603805e+00 0.000000000000000000e+00
1.937581993511883427e+00 0.000000000000000000e+00
1.936839419926570605e+00 0.000000000000000000e+00
1.936203440342775695e+00 0.000000000000000000e+00
1.935660588435810014e+00 0.000000000000000000e+00
1.935198262315766859e+00 0.000000000000000000e+00
1.934804998339470172e+00 0.000000000000000000e+00
1.934470603231903452e+00 0.000000000000000000e+00
1.934186176148567249e+00 0.000000000000000000e+00
1.933944053492941073e+00 0.000000000000000000e+00
1.933737705874075896e+00 0.000000000000000000e+00
1.933561610980299550e+00 0.000000000000000000e+00
1.933411119775429121e+00 0.000000000000000000e+00
1.933282327514330490e+00 0.000000000000000000e+00
1.933171956215131049e+00 0.000000000000000000e+00
1.933077251624777615e+00 0.000000000000000000e+00
1.932995895294027600e+00 0.000000000000000000e+00
1.932925930925279756e+00 0.000000000000000000e+00
1.932865703416210668e+00 0.000000000000000000e+00
1.932813808756677521e+00 0.000000000000000000e+00
1.932769052959004252e+00 0.000000000000000000e+00
1.932730418376527037e+00 0.000000000000000000e+00
1.932697036002414048e+00 0.000000000000000000e+00
1.932668162586027583e+00 0.000000000000000000e+00
1.932643161628787798e+00 0.000000000000000000e+00
1.932621487513756176e+00 0.000000000000000000e+00
1.932602672180254277e+00 0.000000000000000000e+00
1.932586313879918416e+00 0.000000000000000000e+00
1.932572067648081315e+00 0.000000000000000000e+00
1.932559637199560365e+00 0.000000000000000000e+00
1.932548768015734941e+00 0.000000000000000000e+00
1.932539241434360733e+00 0.000000000000000000e+00
1.932530869587833156e+00 0.000000000000000000e+00
1.932523491062588805e+00 0.000000000000000000e+00
1.932516967173566913e+00 0.000000000000000000e+00
1.932511178764560578e+00 0.000000000000000000e+00
1.932506023459242162e+00 0.000000000000000000e+00
1.932501413298743254e+00 0.000000000000000000e+00
1.932497272711330094e+00 0.000000000000000000e+00
1.932493536767360798e+00 0.000000000000000000e+00
1.932490149679565672e+00 0.000000000000000000e+00
1.932487063514186865e+00 0.000000000000000000e+00
1.932484237083468059e+00 0.000000000000000000e+00
1.932481634994072328e+00 0.000000000000000000e+00
1.932479226829522556e+00 0.000000000000000000e+00
1.932476986447883016e+00 0.000000000000000000e+00
1.932474891378501036e+00 0.000000000000000000e+00
1.932472922303819507e+00 0.000000000000000000e+00
1.932471062614380175e+00 0.000000000000000000e+00
1.932469298026608273e+00 0.000000000000000000e+00
1.932467616254621490e+00 0.000000000000000000e+00
1.932466006728376096e+00 0.000000000000000000e+00
1.932464460351631885e+00 0.000000000000000000e+00
1.932462969294133970e+00 0.000000000000000000e+00
1.932461526813148867e+00 0.000000000000000000e+00
1.932460127100219083e+00 0.000000000000000000e+00
1.932458765149572155e+00 0.000000000000000000e+00
1.932457436645124815e+00 0.000000000000000000e+00
1.932456137863441059e+00 0.000000000000000000e+00
1.932454865590418347e+00 0.000000000000000000e+00
