9.285550043709598356e+00 0.000000000000000000e+00
4.082672264825982111e+00 0.000000000000000000e+00
3.289936934538593150e+00 0.000000000000000000e+00
2.636394745611888801e+00 0.000000000000000000e+00
2.320474397113336806e+00 0.000000000000000000e+00
2.158126361258430492e+00 0.000000000000000000e+00
2.106531660125780192e+00 0.000000000000000000e+00
2.010303491298070622e+00 0.000000000000000000e+00
2.028092162526804021e+00 0.000000000000000000e+00
2.001133782069020040e+00 0.000000000000000000e+00
2.001047081218763068e+00 0.000000000000000000e+00
1.997571367400299946e+00 0.000000000000000000e+00
1.995636030367970770e+00 0.000000000000000000e+00
1.995480252517188191e+00 0.000000000000000000e+00
1.994646564655956356e+00 0.000000000000000000e+00
1.994614470033184705e+00 0.000000000000000000e+00
1.994432708530784470e+00 0.000000000000000000e+00
1.994367921737276284e+00 0.000000000000000000e+00
1.994281149998633484e+00 0.000000000000000000e+00
1.994232885682207579e+00 0.000000000000000000e+00
1.994175170610086090e+00 0.000000000000000000e+00
1.994125939319061347e+00 0.000000000000000000e+00
1.994075254322685842e+00 0.000000000000000000e+00
1.994025342512123267e+00 0.000000000000000000e+00
1.993975342592472000e+00 0.000000000000000000e+00
1.993924989913191892e+00 0.000000000000000000e+00
1.993874468455070215e+00 0.000000000000000000e+00
1.993823563906668594e+00 0.000000000000000000e+00
1.993772359333178423e+00 0.000000000000000000e+00
1.993720774274202467e+00 0.000000000000000000e+00
1.993668858664531474e+00 0.000000000000000000e+00
1.993616580736007338e+00 0.000000000000000000e+00
1.993563957154256272e+00 0.000000000000000000e+00
1.993510985552305215e+00 0.000000000000000000e+00
1.993457668050898857e+00 0.000000000000000000e+00
1.993404008824132712e+00 0.000000000000000000e+00
1.993350010050571441e+00 0.000000000000000000e+00
1.993295675571814973e+00 0.000000000000000000e+00
1.993241008812489667e+00 0.000000000000000000e+00
1.993186013655991573e+00 0.000000000000000000e+00
1.993130694150152982e+00 0.000000000000000000e+00
1.993075054557551073e+00 0.000000000000000000e+00
1.993019099357386636e+00 0.000000000000000000e+00
1.992962833269817713e+00 0.000000000000000000e+00
1.992906261242818999e+00 0.000000000000000000e+00
1.992849388451092718e+00 0.000000000000000000e+00
1.992792220297373351e+00 0.000000000000000000e+00
1.992734762415164340e+00 0.000000000000000000e+00
1.992677020673261135e+00 0.000000000000000000e+00
1.992619001175121696e+00 0.000000000000000000e+00
1.992560710258537648e+00 0.000000000000000000e+00
1.992502154495521260e+00 0.000000000000000000e+00
1.992443340692722220e+00 0.000000000000000000e+00
1.992384275891277756e+00 0.000000000000000000e+00
1.992324967365935118e+00 0.000000000000000000e+00
1.992265422623834326e+00 0.000000000000000000e+00
1.992205649402932766e+00 0.000000000000000000e+00
1.992145655670114035e+00 0.000000000000000000e+00
1.992085449618895776e+00 0.000000000000000000e+00
1.992025039666731612e+00 0.000000000000000000e+00
1.991964434451925836e+00 0.000000000000000000e+00
1.991903642830097132e+00 0.000000000000000000e+00
1.991842673870209079e+00 0.000000000000000000e+00
1.991781536850215639e+00 0.000000000000000000e+00
1.991720241252234791e+00 0.000000000000000000e+00
1.991658796757341143e+00 0.000000000000000000e+00
1.991597213239899578e+00 0.000000000000000000e+00
1.991535500761451916e+00 0.000000000000000000e+00
1.991473669564204352e+00 0.000000000000000000e+00
1.991411730064074348e+00 0.000000000000000000e+00
1.991349692843312980e+00 0.000000000000000000e+00
1.991287568642741590e+00 0.000000000000000000e+00
1.991225368353520375e+00 0.000000000000000000e+00
1.991163103008607438e+00 0.000000000000000000e+00
1.991100783773751548e+00 0.000000000000000000e+00
1.991038421938155389e+00 0.000000000000000000e+00
1.990976028904777984e+00 0.000000000000000000e+00
1.990913616180277623e+00 0.000000000000000000e+00
1.990851195364628845e+00 0.000000000000000000e+00
1.990788778140470949e+00 0.000000000000000000e+00
1.990726376262112352e+00 0.000000000000000000e+00
1.990664001544315553e+00 0.000000000000000000e+00
1.990601665850807667e+00 0.000000000000000000e+00
1.990539381082607306e+00 0.000000000000000000e+00
1.990477159166126997e+00 0.000000000000000000e+00
1.990415012041133469e+00 0.000000000000000000e+00
1.990352951648539204e+00 0.000000000000000000e+00
1.990290989918148234e+00 0.000000000000000000e+00
1.990229138756222094e+00 0.000000000000000000e+00
1.990167410033106155e+00 0.000000000000000000e+00
1.990105815570740955e+00 0.000000000000000000e+00
1.990044367130255676e+00 0.000000000000000000e+00
1.989983076399558737e+00 0.000000000000000000e+00
1.989921954981017649e+00 0.000000000000000000e+00
1.989861014379245230e+00 0.000000000000000000e+00
1.989800265989031702e+00 0.000000000000000000e+00
1.989739721083418011e+00 0.000000000000000000e+00
1.989679390801994296e+00 0.000000000000000000e+00
1.989619286139402199e+00 0.000000000000000000e+00
1.989559417934117613e+00 0.000000000000000000e+00
